0.0142019 0.486146 0.748512 0.692195 0.4741 0.3765 3.14486 7.91279 10.1448 12.9809 -24.6891 -16.9953 -24.6997 0.6524
0.0189634 1.46788 0.719701 0.600212 0.4323 0.4237 3.16059 7.97851 10.7832 12.6057 -24.5136 -16.6581 -24.4018 0.7399
0.0208126 1.19349 0.675249 0.466292 0.4766 0.4756 3.17763 8.75524 12.4495 13.6368 -26.9094 -18.067 -26.7726 0.9117
0.0259324 1.48384 0.630927 0.222074 0.4651 0.4601 3.17991 8.37747 11.6205 13.2755 -25.7244 -17.7607 -26.8942 0.8961
0.027997 1.34325 0.427864 0.245114 0.4653 0.4595 3.18782 9.3337 11.9598 13.8756 -26.8041 -18.5425 -27.4507 0.8901
0.0395255 1.62081 0.226583 0.197483 0.4706 0.4396 3.18328 8.48142 11.1821 13.4555 -25.9062 -17.782 -25.9451 0.8596

0.0143412 0.351245 0.761497 0.694871 0.4718 0.3684 3.14513 7.91724 10.112 12.9157 -24.4582 -16.887 -24.8832 0.6381
0.0166522 0.851546 0.778014 0.660731 0.4073 0.3957 3.15668 7.87144 10.5387 12.5152 -26.5246 -16.4569 -24.0422 0.624
0.017408 0.86687 0.659779 0.461574 0.4777 0.4773 3.17755 8.87116 13.6143 14.5669 -28.6852 -19.5683 -29.1182 0.9123
0.0274308 1.55299 0.663216 0.242082 0.4658 0.4264 3.17428 8.28898 12.2482 12.6439 -25.6291 -16.9883 -25.1088 0.862
0.0266944 1.43813 0.443653 0.237674 0.4611 0.4495 3.18914 9.4268 13.1723 14.1939 -27.8791 -18.9402 -28.8859 0.8899
0.0606629 2.16804 0.291613 0.275946 0.4524 0.4462 3.18864 8.67966 12.838 12.9116 -26.4684 -17.6996 -25.7961 0.6163

0.0170389 0.992742 0.75301 0.692576 0.4685 0.3777 3.14697 7.99121 10.1468 13.0002 -25.0308 -17.1655 -24.602 0.6512
0.0201634 1.12217 0.760409 0.659722 0.3983 0.3863 3.15822 7.89114 10.6125 12.3338 -25.6042 -16.2974 -23.8071 0.617
0.0225201 1.44017 0.664312 0.467295 0.4848 0.4646 3.17666 8.6038 11.8392 13.8449 -26.7454 -18.4665 -27.0006 0.8896
0.0271416 1.14643 0.432734 0.325364 0.4767 0.4629 3.18481 10.251 11.942 14.2694 -27.3938 -20.0178 -27.9165 0.9155
0.038581 1.52063 0.355937 0.291685 0.464 0.458 3.18471 9.37803 12.5694 14.8217 -28.5239 -19.6083 -29.2802 0.8179
0.0459843 1.9871 0.347609 0.14638 0.4707 0.4509 3.18016 9.1034 11.4431 13.4756 -26.1048 -18.9581 -26.0677 0.8953
0.0700336 2.47926 0.219817 0.234509 0.4483 0.4479 3.17439 8.55765 12.574 13.2773 -26.2587 -17.5769 -26.5259 0.5259

0.0228806 1.23791 0.798206 0.742105 0.4732 0.3802 3.14725 7.98066 10.1698 13.164 -24.8655 -17.1586 -25.2469 0.57
0.0240601 1.65853 0.770329 0.636624 0.397 0.3914 3.15815 7.88409 10.7162 12.3625 -24.8107 -16.3165 -23.9052 0.6474
0.0336173 1.78424 0.679336 0.468434 0.4769 0.4671 3.17864 8.64991 12.1709 14.1426 -27.3767 -18.6549 -27.561 0.8895
0.0312868 1.39271 0.44009 0.315584 0.4794 0.4588 3.18591 9.45081 11.6976 13.8293 -26.6125 -19.5843 -27.1239 0.91
0.0368189 1.48287 0.34576 0.2386 0.4506 0.4482 3.18581 8.82585 11.5839 13.7095 -26.3608 -18.4366 -27.1953 0.8617
0.0688094 2.52357 0.237558 0.206719 0.4408 0.321 3.1607 7.65461 12.0429 11.9825 -24.059 -17.013 -24.2924 0.7522

0.0202592 0.854858 0.766225 0.695059 0.4695 0.3747 3.14493 7.89832 10.1396 12.815 -24.309 -16.767 -24.8582 0.6374
0.0191375 1.86207 0.719385 0.591514 0.4351 0.4131 3.16151 8.065 10.7436 12.6604 -24.4398 -16.827 -24.6241 0.7657
0.0196658 1.05843 0.671338 0.473902 0.4753 0.4667 3.17691 8.60702 12.8199 15.0466 -29.5098 -19.3512 -28.9996 0.8848
0.0271974 1.20689 0.469611 0.353713 0.4684 0.4364 3.18332 10.3111 11.2704 13.9541 -27.3546 -19.6727 -26.5721 0.8471
0.027792 1.40732 0.352793 0.250737 0.4574 0.42 3.17353 8.4762 11.0497 12.9119 -25.5574 -17.1539 -24.9031 0.8302
0.0533109 2.11399 0.245849 0.18061 0.4631 0.4161 3.18181 10.6288 11.2641 13.151 -25.3623 -18.4954 -26.2446 0.8383

0.0145857 0.556539 0.706285 0.675968 0.4755 0.3803 3.14742 7.94614 10.1643 12.9533 -25.0189 -17.5345 -24.5343 0.6791
0.0167136 0.968961 0.689246 0.604886 0.4424 0.4212 3.15974 7.91403 10.7258 12.5301 -24.7028 -16.5067 -24.1766 0.7418
0.0236164 1.11769 0.659283 0.469759 0.4804 0.4698 3.17617 8.52027 12.0658 13.7234 -26.9241 -18.1462 -26.6789 0.8889
0.0242167 1.5733 0.646952 0.205118 0.4689 0.4599 3.17785 8.32441 11.336 12.9006 -25.026 -17.3313 -25.7644 0.8634
0.0346574 1.55117 0.348715 0.238423 0.4697 0.4345 3.18892 9.22928 11.3928 13.8718 -26.558 -18.5088 -26.8335 0.8643

0.014345 1.27242 0.706156 0.70005 0.4776 0.385 3.1466 7.98904 10.1234 13.2052 -24.8696 -17.4486 -27.1793 0.6522
0.0189772 1.17893 0.716722 0.599904 0.403 0.3988 3.16026 7.93819 10.5948 12.3332 -24.2727 -16.3277 -23.823 0.6769
0.0194138 1.58725 0.684541 0.462619 0.4773 0.4707 3.1795 8.82899 12.6919 14.8724 -28.727 -20.2337 -28.928 0.904
0.0273218 1.58289 0.654371 0.213883 0.4727 0.4553 3.17985 8.65853 12.1044 12.9157 -25.4269 -17.3782 -26.5649 0.9058
0.0261524 1.31374 0.308263 0.201353 0.4666 0.4438 3.19056 9.37197 12.0811 14.1637 -27.6739 -19.1469 -27.3259 0.8746
0.0435972 1.75603 0.19375 0.159955 0.3237 0.3181 2.89407 9.24141 10.2087 10.81 -21.326 -15.4324 -22.08 0.4997

0.0188386 1.11548 0.727108 0.650479 0.4818 0.3782 3.1448 7.7497 10.1043 12.945 -24.5653 -16.8723 -24.6939 0.6802
0.0194994 1.58433 0.714586 0.606355 0.4281 0.4125 3.16273 7.98496 10.6902 12.5979 -24.392 -16.6365 -24.3928 0.7221
0.0225708 1.58991 0.655529 0.446008 0.4837 0.4791 3.18088 9.58491 13.9108 14.6191 -28.9198 -19.6435 -29.2934 0.9433
0.024748 1.0385 0.435368 0.322023 0.48 0.4618 3.18616 10.2828 11.7522 13.8134 -26.8537 -19.5744 -26.6754 0.9127
0.0450438 1.76818 0.361281 0.299815 0.4763 0.4269 3.1802 9.41633 11.2529 13.5827 -26.1144 -18.46 -26.1953 0.833
0.0494877 1.63428 0.351869 0.157621 0.4598 0.4216 3.1715 8.26099 10.9021 13.6143 -26.3346 -17.777 -25.9001 0.8083
0.0701858 2.63583 0.227713 0.208886 0.432 0.4116 3.1684 8.18524 11.1478 12.3814 -24.176 -16.4743 -24.59 0.5468

0.0231774 1.06223 0.760227 0.683453 0.4702 0.3814 3.14347 7.82886 10.1276 12.9899 -24.5486 -16.9049 -26.5722 0.661
0.0228106 1.59302 0.709412 0.630086 0.4333 0.4249 3.15728 7.79742 10.8035 12.4956 -25.0143 -16.3981 -24.1491 0.7173
0.0250541 1.61708 0.675633 0.472973 0.4801 0.4633 3.17463 8.50788 12.0733 13.9488 -27.2276 -18.2138 -27.0347 0.8806
0.0356901 1.32682 0.465132 0.35369 0.4734 0.4576 3.18571 10.1952 11.8759 13.8924 -26.8138 -20.2778 -27.178 0.8629
0.0424836 1.8187 0.368175 0.329475 0.4669 0.4541 3.1829 8.49222 11.4947 14.1851 -27.3387 -18.5219 -27.0834 0.7327
0.0502887 1.81789 0.349733 0.147419 0.4603 0.4351 3.18539 8.99442 11.2726 13.7551 -26.4926 -19.0159 -26.3649 0.8636

0.0263998 1.69445 0.76796 0.73753 0.477 0.3788 3.14673 7.95581 10.1373 13.819 -25.9195 -17.8506 -25.9802 0.5591
0.0264595 2.20269 0.756374 0.597205 0.4057 0.4033 3.16185 8.00429 10.6609 12.5079 -24.2295 -16.5988 -24.2569 0.666
0.0254908 1.90122 0.687111 0.472008 0.4682 0.4616 3.1783 9.03933 12.3267 14.9262 -28.9686 -19.5289 -28.5872 0.8714
0.0361571 1.42861 0.443633 0.326706 0.459 0.4586 3.18906 9.28006 11.3351 13.341 -25.6946 -17.987 -26.2596 0.873
0.0426704 1.48444 0.355273 0.314041 0.4599 0.4507 3.18444 8.99653 11.4864 13.6279 -26.2737 -18.221 -26.4223 0.809
0.056937 2.18427 0.355449 0.154009 0.455 0.4478 3.1818 10.4802 11.6483 13.4787 -26.066 -18.7809 -26.5339 0.8676
0.0599908 2.36974 0.192016 0.179763 0.4042 0.3998 3.16742 8.78626 11.0696 11.9633 -23.4812 -16.4556 -24.5562 0.6857

0.0156669 1.03081 0.722333 0.672844 0.4824 0.3784 3.14607 7.82884 10.1381 12.8403 -25.0147 -17.2023 -24.3389 0.6819
0.0192388 1.263 0.698223 0.591157 0.4235 0.4135 3.16194 7.94463 10.7906 12.4724 -25.6318 -16.4447 -24.1041 0.7016
0.0204167 1.23151 0.654212 0.444002 0.4704 0.464 3.17963 9.56864 12.1795 13.8124 -26.9655 -18.6187 -26.9525 0.9133
0.0328156 1.67465 0.652347 0.280752 0.4747 0.4489 3.17903 8.46999 11.7883 12.8146 -25.3485 -17.3134 -25.2074 0.9064
0.0389147 2.00264 0.6673 0.149165 0.4348 0.431 3.16905 7.92671 11.317 12.5381 -24.8943 -16.7152 -24.4981 0.8388
0.0382211 1.89709 0.456397 0.148747 0.4652 0.4408 3.18238 8.76229 11.6677 15.2012 -28.9361 -19.583 -28.6983 0.8246
0.0628527 2.5154 0.29285 0.163616 0.4295 0.3399 3.16613 8.29046 11.3278 12.0508 -24.0887 -16.1961 -23.7888 0.6597

0.0262058 1.29365 0.698403 0.661611 0.4796 0.3764 3.14982 7.9213 10.1399 13.372 -26.2385 -17.7098 -25.1292 0.6853
0.026548 1.68402 0.730223 0.594602 0.4142 0.4016 3.16052 7.99379 10.6051 12.4486 -24.1021 -16.5362 -24.1529 0.6742
0.0214587 1.45125 0.655459 0.459913 0.4761 0.4681 3.17778 8.78559 12.2761 14.3996 -28.0376 -18.9478 -27.8001 0.9118
0.0303151 2.1996 0.650684 0.257627 0.4822 0.4784 3.18396 9.37183 13.6992 15.7344 -30.9328 -20.6813 -30.4762 0.9595
0.0404297 2.12656 0.673727 0.143992 0.469 0.4268 3.1723 8.33094 11.9578 12.9626 -26.2484 -17.1854 -25.4277 0.8913
0.0547374 2.20559 0.224655 0.157907 0.434 0.4316 3.18249 8.8663 12.0142 13.2117 -27.3885 -17.7096 -25.8248 0.8274

0.0185041 0.801854 0.695446 0.670773 0.4741 0.3753 3.14685 8.04892 10.066 13.0606 -24.6441 -17.1928 -25.1499 0.6694
0.0215389 1.40589 0.7163 0.585375 0.439 0.3968 3.16476 8.14777 10.5554 12.8059 -24.4866 -17.1702 -26.8098 0.7525
0.0213284 1.18138 0.690952 0.461316 0.47 0.469 3.182 9.16088 13.0245 14.1208 -28.2379 -18.7013 -27.7119 0.8694
0.0293641 1.78015 0.703813 0.296492 0.4678 0.4572 3.18321 9.0143 13.125 13.5078 -26.83 -18.5518 -27.6142 0.8844
0.0320292 1.26882 0.623537 0.140439 0.4748 0.4674 3.17559 8.3121 11.754 13.5556 -26.3229 -17.7761 -26.4071 0.8963
0.0353836 1.33205 0.420629 0.165267 0.4792 0.4526 3.18808 8.9828 11.5242 13.6616 -26.5535 -18.2539 -26.3176 0.8932
0.0711762 2.64726 0.271769 0.170434 0.4193 0.3599 3.15736 7.91172 12.4164 12.0342 -24.3103 -16.143 -24.5997 0.7331

0.0166414 0.79053 0.715464 0.665544 0.4742 0.375 3.14785 7.90939 10.1016 12.9253 -24.679 -18.4055 -24.5259 0.6793
0.025718 1.24405 0.760065 0.640049 0.3971 0.3929 3.15834 7.85692 10.6091 12.3444 -25.0601 -16.2864 -23.8219 0.6391
0.0264034 1.37494 0.663133 0.450453 0.4841 0.4745 3.18021 9.06657 12.7653 14.3032 -27.8376 -18.8608 -29.3836 0.9159
0.0270625 1.63111 0.648253 0.216547 0.4728 0.4664 3.18222 8.64896 12.0323 13.676 -26.5301 -18.2017 -29.0192 0.9166
0.0297326 1.35931 0.343641 0.244342 0.4726 0.4606 3.1877 8.91009 11.8474 14.078 -29.1163 -18.5335 -27.0408 0.8949
0.0524907 2.13334 0.2532 0.181647 0.4319 0.4185 3.18519 8.78255 12.2691 14.9323 -28.5509 -20.1524 -29.0831 0.7985

0.0183552 0.366468 0.704021 0.681329 0.4747 0.3769 3.14644 8.03827 10.0806 13.209 -24.9696 -17.829 -25.0455 0.6554
0.0198204 0.761826 0.71023 0.605622 0.43 0.4112 3.1603 8.03103 10.6871 12.4603 -24.6193 -16.4815 -24.0492 0.7245
0.0193316 0.781655 0.661883 0.453995 0.4781 0.4761 3.17889 9.11235 14.5827 14.4619 -28.9846 -19.1336 -30.362 0.9182
0.0288982 1.52363 0.629908 0.206265 0.4698 0.4614 3.17549 8.22383 11.3442 13.0418 -25.7117 -17.184 -25.2604 0.8802
0.0368886 1.36405 0.413768 0.221336 0.4721 0.4707 3.19225 9.378 13.0795 14.4183 -31.0191 -19.6623 -28.1672 0.9145
0.0626084 2.43855 0.257816 0.281068 0.432 0.4258 3.17631 8.34684 12.412 13.0049 -26.1201 -17.4773 -25.7496 0.5948

0.0149834 0.704351 0.710365 0.669022 0.4727 0.3745 3.14538 8.02825 10.0753 13.2193 -25.6224 -17.7326 -24.8734 0.6644
0.0246962 1.21855 0.77442 0.652398 0.393 0.3848 3.15964 7.87582 10.641 12.3298 -24.5985 -16.2681 -23.8212 0.6284
0.0240191 1.3038 0.672183 0.465234 0.4746 0.4714 3.17919 8.82342 12.5537 13.4658 -26.5447 -17.8784 -26.7579 0.8853
0.0289485 1.11308 0.430487 0.325625 0.4764 0.4616 3.18546 9.98381 12.326 16.6932 -31.8351 -21.6854 -31.215 0.9072
0.0330072 1.56167 0.347121 0.231696 0.4776 0.443 3.18829 9.17155 12.0988 13.2886 -26.2131 -17.9381 -26.0745 0.9077
0.0610796 2.49297 0.243814 0.198018 0.4413 0.4305 3.17889 8.01132 11.768 12.3676 -24.4562 -16.4105 -24.9538 0.8178

0.0277763 2.04592 0.732426 0.707987 0.4758 0.3762 3.14858 8.0287 10.1128 13.1298 -24.9845 -18.7085 -24.8419 0.6034
0.031431 2.12786 0.765125 0.63327 0.3996 0.3944 3.15955 7.93565 10.6671 12.4376 -24.9254 -16.4054 -23.9929 0.6427
0.027142 2.00627 0.672489 0.44874 0.4737 0.4719 3.18021 9.60828 12.2883 14.2641 -28.023 -19.1061 -27.5651 0.9001
0.022126 2.05641 0.424718 0.31894 0.4744 0.4492 3.18721 9.81379 12.2132 14.1239 -27.4712 -19.0792 -27.418 0.8794

0.0162334 0.535138 0.728856 0.701818 0.4761 0.3817 3.14766 8.01761 10.1231 13.575 -25.653 -19.2944 -25.5171 0.6131
0.0167122 0.664434 0.753691 0.634193 0.4007 0.3959 3.16016 7.93104 10.6474 12.5995 -24.7095 -16.5926 -24.2474 0.6288
0.0217632 0.940188 0.678202 0.478497 0.4776 0.474 3.17719 8.6594 13.1998 14.442 -28.3225 -19.5105 -28.5726 0.8867
0.0225513 1.06254 0.446202 0.32304 0.4838 0.4572 3.18397 9.65657 11.904 14.3574 -27.6605 -19.7091 -27.6188 0.9114
0.0268077 1.19462 0.346447 0.23949 0.46 0.45 3.17941 8.66877 11.5217 13.4737 -26.3157 -17.8104 -26.0211 0.8625
0.059092 2.30979 0.23909 0.174567 0.4384 0.3924 3.17358 8.9587 11.4759 12.6496 -24.7156 -17.4611 -25.6287 0.8023

0.0235915 1.35443 0.69497 0.657641 0.4723 0.3801 3.14717 7.90713 10.1237 13.1479 -25.0954 -18.1532 -24.8428 0.6875
0.0241508 1.25335 0.775519 0.646641 0.4027 0.3915 3.159 7.93456 10.6195 12.4475 -24.6343 -16.4285 -23.992 0.6361
0.0273383 1.25265 0.671788 0.461018 0.4806 0.476 3.18062 8.98117 12.8297 15.1728 -29.1809 -19.9542 -29.9264 0.9113
0.0308443 1.20275 0.668268 0.307693 0.4649 0.4599 3.18126 8.86434 12.3913 14.1971 -28.0267 -19.2099 -27.5106 0.893
0.0454864 1.84042 0.648598 0.138792 0.4689 0.4509 3.18067 8.82722 11.8906 14.2533 -28.3646 -18.8857 -27.3271 0.8965
0.0472105 2.13604 0.26682 0.154399 0.4483 0.3977 3.18301 9.05397 12.3763 12.7556 -26.6916 -17.2861 -25.3219 0.8251